1 3 0.22326252226057525
2 309 0.3679900360969936
3 172 0.3263569759322527
4 88 0.28936560355125085
5 273 0.31347079273349443
6 176 0.25438908135728766
7 227 0.22339106514041887
8 936 0.369719496997316
9 40 0.4405289523048003
10 1260 0.18144368465060579
11 12 0.22680185946664125
12 538 0.2568347534004199
13 2330 0.25641129703418536
14 251 0.34038421132002694
15 5693 0.343321824565256
16 318 0.17510574207010846
17 847 0.23544080467400555
18 202 0.2552637351213155
19 189 0.3058427595019924
20 444 0.3104518984286494
21 37 0.26650089544451305
22 229 0.3438810499382071
23 19 0.20840310818416558
24 931 0.24780486166932028
25 8643 0.24743582965269675
26 709 0.17857142857142858
27 2267 0.17801291102397057
28 2151 0.20254787341673333
29 714 0.2389760596996216
30 5001 0.16878498775964423
31 2621 0.20211302086361083
32 43 0.1787266406203498
33 192 0.15517288448251543
34 619 0.18569533817705186
35 773 0.2113082175181497
36 3275 0.21105794120443452
37 21 0.26650089544451305
38 6170 0.1956463952178074
39 9 0.24244056893821347
40 9 0.4405289523048003
41 2519 0.22047927592204922
42 3223 0.22953904252438354
43 3283 0.21739130434782608
44 735 0.3981527619092983
45 28 0.17677669529663687
46 36 0.19466570535691505
47 3732 0.17688728441930626
48 2939 0.19504737440137349
49 174 0.4964928255427974
50 1280 0.2165408787114111
51 96 0.284215903441873
52 4458 0.19264838972038067
53 7084 0.28713701443102163
54 106 0.3143686417969992
55 465 0.17830687947679727
56 3917 0.15826048840199922
57 433 0.19599157740244455
58 189 0.2902501793248503
59 10394 0.2834933356628616
60 836 0.3640532168064136
61 1093 0.20577557671153393
62 63 0.38797014489949266
63 62 0.38797014489949266
64 10404 0.2242207418684842
65 8572 0.1846372364689991
66 3820 0.13470397652008118
67 696 0.24494285078359096
68 6650 0.31409347099260015
69 106 0.25782145228918446
70 6150 0.3037356995227032
71 7207 0.20145574100634506
72 14 0.2506982239642199
73 3913 0.1937097110565149
74 234 0.26237488391640107
75 3891 0.49954860674453905
76 7451 0.21428571428571427
77 1242 0.19230478952816463
78 79 0.45480171229144306
79 78 0.45480171229144306
80 106 0.3907518403363142
81 82 0.47497537228584275
82 81 0.47497537228584275
83 7267 0.30983866769659335
84 318 0.17820810891006283
85 185 0.230556167081694
86 343 0.24701213377683962
87 267 0.5152106565919433
88 4 0.28936560355125085
89 3 0.3108947062827684
90 269 0.1896181852559909
91 172 0.3216304616266218
92 2406 0.3337456196174886
93 2242 0.28537627664934156
94 2568 0.2666725927901308
95 128 0.21235928083170114
96 51 0.284215903441873
97 273 0.2952684055271281
98 106 0.3790347618110966
99 8948 0.32814109313179657
100 2717 0.3452301104163172
101 14 0.27091175742558554
102 5583 0.3833134228476416
103 1071 0.184506241605777
104 269 0.23312620206007845
105 61 0.20329570903802893
106 80 0.3907518403363142
107 244 0.5074954869911409
108 187 0.3227486121839514
109 970 0.2767546517312798
110 221 0.5255278457758883
111 5752 0.16783627165933782
112 199 0.3606424909805139
113 114 0.32163376045133846
114 113 0.32163376045133846
115 6017 0.2839809171235324
116 110 0.19169353531940922
117 172 0.4896132122561997
118 7488 0.324977785480955
119 251 0.28486928145321183
120 1311 0.20030840419244383
121 107 0.34697711796762676
122 10663 0.4156989807940703
123 7284 0.2608745973749754
124 529 0.2881546638708393
125 412 0.16502739940140695
126 129 0.3222280545381882
127 7806 0.3085563159791085
128 5 0.2733002257748971
129 1081 0.4706580365209672
130 151 0.19309082087050464
131 3794 0.2898364571430943
132 247 0.2687367833448302
133 252 0.2622539560116329
134 119 0.26169008753126
135 236 0.30952380952380953
136 5959 0.21296183592613546
137 9772 0.2813874297663251
138 9772 0.35665425149468194
139 417 0.3704792868174742
140 994 0.17837651700316895
141 7704 0.486708584166788
142 4927 0.4560185049335205
143 6150 0.3343064422684563
144 2826 0.2893138981203109
145 2479 0.2651572111486619
146 10234 0.15811388300841897
147 5138 0.23973165074269207
148 158 0.271724862543122
149 9712 0.37169597083751404
150 5063 0.19813262211890403
151 2589 0.2392715563261891
152 240 0.41702882811414954
153 308 0.2578553115646984
154 3516 0.21213203435596426
155 1737 0.23664319132398465
156 874 0.1991169934799916
157 1608 0.453425192941907
158 273 0.38630637577577925
159 302 0.21982889316020596
160 3297 0.18257418583505539
161 128 0.2674183712351363
162 233 0.29863375240468765
163 308 0.32824397594488725
164 409 0.4259691771403806
165 119 0.2588371730839156
166 2249 0.33669758658685883
167 5453 0.21346148789897015
168 7772 0.29160592175990213
169 7125 0.29442003687203344
170 2678 0.24659848095803594
171 249 0.22883446811789937
172 117 0.4896132122561997
173 786 0.2097865979195684
174 49 0.4964928255427974
175 2971 0.5343904214426418
176 206 0.2707208162454152
177 51 0.21997067253202993
178 2589 0.3878498766184781
179 1741 0.23677368110027786
180 10487 0.29356518891514416
181 1063 0.34372695679389514
182 280 0.2731791823540765
183 100 0.288206429732008
184 2500 0.17937400083354382
185 210 0.5264828210920952
186 513 0.22247460415730486
187 295 0.4899559349388659
188 9830 0.24112141108520607
189 19 0.3058427595019924
190 280 0.33541019662496846
191 9288 0.22279878637437303
192 3507 0.28116077855776667
193 427 0.22442217629094283
194 278 0.4187628431947845
195 298 0.576271186440678
196 89 0.22430015382565208
197 433 0.40332107268017586
198 196 0.17928429140015903
199 112 0.3606424909805139
200 468 0.24142865611338274
201 458 0.2819557727533606
202 2607 0.47697024162564844
203 461 0.4025789461036226
204 2535 0.2135718231923494
205 9489 0.17184994503786144
206 3268 0.2859537853064104
207 2797 0.2932942300427066
208 3288 0.16
209 3383 0.28005601680560194
210 185 0.5264828210920952
211 9094 0.3273268353539886
212 2711 0.3479445003196105
213 910 0.4423258684646914
214 2574 0.3954557894193501
215 216 0.2676516895156554
216 215 0.2676516895156554
217 7067 0.2672612419124244
218 2641 0.19908075678867257
219 2276 0.23759548165574573
220 841 0.4348345987096151
221 110 0.5255278457758883
222 3243 0.22846838336584388
223 2320 0.2835079647753336
224 3412 0.20823168251814142
225 269 0.16598500055174645
226 7165 0.26218941013778485
227 527 0.28120072467980634
228 2595 0.2909286827258562
229 22 0.3438810499382071
230 248 0.31689072851228495
231 9343 0.2727977357881894
232 275 0.3211764393605811
233 162 0.29863375240468765
234 6277 0.2956238981967725
235 128 0.20479187401965515
236 135 0.30952380952380953
237 7250 0.2585438449975096
238 2579 0.3372266367167312
239 2574 0.2969112462610471
240 152 0.41702882811414954
241 275 0.3194575716689438
242 1615 0.4049291435992628
243 2521 0.2041241452319315
244 107 0.5074954869911409
245 250 0.3024291894545669
246 379 0.15482852774067163
247 1103 0.3978304837944224
248 273 0.33150873839947426
249 2678 0.35729480050524814
250 292 0.3060537786281332
251 14 0.34038421132002694
252 981 0.4289207206030121
253 3047 0.3634273778934877
254 10855 0.17348855898381338
255 7102 0.327688243033196
256 165 0.2417920331683843
257 4901 0.19802950859533489
258 1004 0.1613743060919757
259 295 0.2799748199650662
260 3119 0.26885304420581435
261 2896 0.22983614055242751
262 54 0.2172620473133704
263 264 0.4782608695652174
264 263 0.4782608695652174
265 245 0.2551275957047573
266 3073 0.4703200829139203
267 87 0.5152106565919433
268 8569 0.1414213562373095
269 2961 0.3903600291794133
270 2766 0.19867985355975656
271 10725 0.22470176588194146
272 280 0.17541160386140586
273 2678 0.46055411380544553
274 2574 0.6113149794833975
275 7215 0.3826918985879519
276 4991 0.2279211529192759
277 2172 0.17888543819998318
278 194 0.4187628431947845
279 235 0.1800205749557739
280 190 0.33541019662496846
281 9176 0.22360679774997896
282 242 0.3328751429678414
283 393 0.1611432394306458
284 6077 0.16035674514745463
285 532 0.19241587768363566
286 3734 0.179968508266339
287 197 0.19611613513818404
288 128 0.1815315582286509
289 9772 0.3222654274875602
290 3183 0.1797866299901979
291 3275 0.1618740515220081
292 250 0.3060537786281332
293 297 0.5834500350116708
294 682 0.23156812293422302
295 187 0.4899559349388659
296 295 0.22613350843332272
297 293 0.5834500350116708
298 195 0.576271186440678
299 939 0.34874291623145787
300 244 0.19446111706564934
301 9740 0.17510947764599097
302 5649 0.2517758815658798
303 611 0.18609684207969418
304 3748 0.25890435250935817
305 8595 0.22467702680655838
306 219 0.16971105832553268
307 5708 0.45435391374450723
308 4458 0.5477225575051661
309 7704 0.5809475019311126
310 355 0.2560810933031302
311 106 0.20479450547728134
312 474 0.5070416279343216
313 765 0.20628424925175867
314 795 0.2686866453119395
315 3478 0.27504566566901156
316 4981 0.5224462547732156
317 567 0.22144409528221717
318 60 0.25352606628130886
319 420 0.44179571494865094
320 53 0.20952908873087345
321 318 0.24880835491044292
322 110 0.22702856286407586
323 529 0.2144645072631411
324 536 0.18436101825261444
325 2197 0.36450740219987765
326 581 0.25310879886733306
327 583 0.1801000016417279
328 532 0.2784359380669171
329 4953 0.27104108243182823
330 328 0.19069365761498722
331 251 0.29173803742222354
332 792 0.18802535827258873
333 346 0.20297414089646781
334 89 0.20646003475383348
335 2756 0.2920827753506222
336 2290 0.3596185662566394
337 13 0.23935677693908453
338 404 0.22089388896085105
339 2892 0.22360679774997896
340 649 0.2702842753182797
341 19 0.23823676617339473
342 438 0.19996695034266454
343 86 0.24701213377683962
344 869 0.27501917307127044
345 349 0.19446320144486856
346 693 0.22205869704892203
347 2683 0.2585572506271132
348 430 0.34565056491014173
349 336 0.20086983945701484
350 360 0.3629770043203139
351 995 0.8
352 431 0.54297751187933
353 708 0.4632768566394622
354 532 0.2496541256196546
355 194 0.26352313834736496
356 2574 0.29416583443092326
357 49 0.25948906712088204
358 9645 0.16918197377512542
359 2595 0.29942473580817114
360 350 0.3629770043203139
361 2372 0.17928429140015906
362 667 0.17184285495949211
363 2763 0.22935308905970817
364 2535 0.24952750781746325
365 9772 0.4345240946267408
366 403 0.7209497646597647
367 2646 0.17918193096281124
368 813 0.19867985355975656
369 400 0.24599289392016147
370 8659 0.2630998990616065
371 911 0.1877810107252081
372 741 0.2122647413031675
373 2683 0.23171377854539688
374 386 0.18934049699017888
375 4997 0.23985080590006172
376 7583 0.19500597976723485
377 806 0.18764665626020038
378 612 0.18516401995451032
379 2396 0.26624102127695726
380 400 0.3166632962112764
381 696 0.2270123023822509
382 2595 0.2353689236986803
383 163 0.23044775760678884
384 341 0.21407024081709106
385 403 0.26510876733513106
386 319 0.20441298801439345
387 336 0.24718285893347972
388 3108 0.2344341050135324
389 806 0.20701966780270628
390 450 0.20233616206852437
391 490 0.368160520255362
392 275 0.22750787759664504
393 2144 0.2043110721440258
394 2578 0.36921640634860897
395 322 0.18847052981735948
396 400 0.27925722127714087
397 506 0.26529772498625553
398 420 0.21119909888576713
399 675 0.24253562503633297
400 380 0.3166632962112764
401 940 0.19117977822546814
402 724 0.4497952750682072
403 366 0.7209497646597647
404 8624 0.25691749776935396
405 372 0.1750350105035012
406 2239 0.5817433986764635
407 644 0.276172385369497
408 634 0.2790097228041362
409 164 0.4259691771403806
410 3183 0.18385542391076867
411 5176 0.2548235957188128
412 3202 0.2431083191631576
413 438 0.19038123938628337
414 6575 0.18609684207969418
415 678 0.30869745325651593
416 939 0.393664178262024
417 139 0.3704792868174742
418 462 0.18376916754950665
419 295 0.21320071635561041
420 319 0.44179571494865094
421 795 0.22140372138502384
422 565 0.6201028411813589
423 384 0.19925419255468715
424 7172 0.20662646769884102
425 728 0.28511240114923325
426 489 0.3299831645537222
427 193 0.22442217629094283
428 4948 0.30618621784789724
429 348 0.2680929951566655
430 348 0.34565056491014173
431 352 0.54297751187933
432 740 0.2549249642552304
433 197 0.40332107268017586
434 197 0.3121250748500029
435 2221 0.5057217374241736
436 649 0.1867718419094071
437 740 0.3116511459654997
438 3345 0.29523511403122593
439 438 0.1907996184011448
440 3068 0.246416441453479
441 443 0.26830669362299764
442 711 0.21398024625545645
443 532 0.27220553660890334
444 197 0.4013248553353198
445 616 0.23134069792952236
446 576 0.24595948397164089
447 908 0.2193163342814055
448 5498 0.23159177829329272
449 815 0.35478743759344955
450 197 0.33094597804568554
451 869 0.27610836217760426
452 518 0.21248647409244853
453 408 0.22245256278367798
454 828 0.19513179222588486
455 730 0.21315227815974375
456 465 0.2908640121023908
457 202 0.19314996144734697
458 201 0.2819557727533606
459 49 0.21165590679311236
460 785 0.21780342093451605
461 203 0.4025789461036226
462 202 0.21641270227571943
463 2146 0.23094883936603153
464 658 0.17149858514250885
465 456 0.2908640121023908
466 182 0.27106965902867886
467 576 0.20502713185026386
468 785 0.2858309752375147
469 620 0.17225077552896437
470 726 0.42211588240886905
471 372 0.18333969940564226
472 659 0.22687130324325755
473 385 0.21018925553332876
474 312 0.5070416279343216
475 2789 0.3464101615137754
476 689 0.2182178902359924
477 3002 0.29991180361414577
478 604 0.22452510468485445
479 2363 0.35043832202523123
480 766 0.23904572186687875
481 379 0.15118241463388357
482 449 0.21541010921383227
483 658 0.17149858514250882
484 316 0.18378676102867628
485 2191 0.22400538415856208
486 2717 0.18257418583505536
487 785 0.24770754201107473
488 449 0.19968076595771792
489 426 0.3299831645537222
490 391 0.368160520255362
491 809 0.18200630207731602
492 726 0.6092717958449424
493 606 0.23539293971054817
494 336 0.23652495839563303
495 9361 0.23791547571544322
496 911 0.20225995873897262
497 478 0.18144368465060579
498 519 0.2550306852253353
499 7344 0.2225659536298629
500 20 0.19202320093935696
501 7225 0.17677669529663687
502 540 0.34874291623145787
503 642 0.23009750575655633
504 4080 0.19250466227874755
505 2277 0.19069251784911848
506 397 0.26529772498625553
507 785 0.24842803761781476
508 3374 0.2644059654043135
509 576 0.20417666656181957
510 532 0.20909604535161755
511 3400 0.6093181364657315
512 910 0.3029644197154619
513 548 0.2326210525996177
514 642 0.1694347484174715
515 815 0.39223227027636803
516 966 0.45321249277851866
517 392 0.19483446103230873
518 652 0.235935052808204
519 526 0.38922272781111705
520 20 0.24474630976516742
521 527 0.21501705873168023
522 416 0.2277501881457476
523 2907 0.22047927592204922
524 579 0.2752345058324659
525 694 0.1492911502773113
526 519 0.38922272781111705
527 2309 0.32400094478718583
528 2690 0.24455799402225925
529 124 0.2881546638708393
530 67 0.19615386066226834
531 766 0.38095238095238093
532 534 0.4169162956304471
533 2900 0.31359075375265905
534 532 0.4169162956304471
535 20 0.20205112742444292
536 532 0.22813463916738705
537 308 0.2217095981894773
538 12 0.2568347534004199
539 588 0.1976423537605237
540 502 0.34874291623145787
541 615 0.19622098205031857
542 678 0.29411764705882354
543 763 0.23186944788008415
544 5840 0.2514778453847726
545 5444 0.17149858514250882
546 396 0.2177517781546711
547 796 0.20261022461827694
548 757 0.23809523809523808
549 590 0.27386127875258304
550 197 0.2136507922552042
551 2275 0.20672455764868078
552 2220 0.2
553 8504 0.18764665626020038
554 678 0.2782074420373286
555 556 0.3032248155309842
556 746 0.31339158526400435
557 716 0.19245008972987526
558 154 0.1732050807568877
559 760 0.251259453814803
560 252 0.2619363179255036
561 658 0.24253562503633297
562 785 0.2585438449975096
563 2877 0.3512066876223237
564 2307 0.5213336389997006
565 422 0.6201028411813589
566 3711 0.21780342093451605
567 2289 0.23390435267563514
568 2592 0.17091003954004222
569 699 0.23434449810861738
570 602 0.18015093964441797
571 573 0.19209837956195427
572 2984 0.2269814363572603
573 2874 0.2993047499344662
574 899 0.17094086468945693
575 368 0.16858544608470494
576 446 0.24595948397164089
577 709 0.1718107983722728
578 5421 0.1917412472118426
579 524 0.2752345058324659
580 783 0.6486749731408025
581 326 0.25310879886733306
582 3417 0.26937401188058957
583 3183 0.20352874052591374
584 7215 0.3394414288821214
585 602 0.30316953129541624
586 678 0.23529411764705882
587 2892 0.22739701341354884
588 815 0.3922322702763681
589 4942 0.19462473604038075
590 430 0.3246172270321178
591 527 0.2123406857568687
592 968 0.2922139529649472
593 658 0.2495670992423109
594 730 0.19172686248267184
595 7066 0.2309401076758503
596 7104 0.7097954098256228
597 675 0.17647058823529413
598 2896 0.3724943657898143
599 765 0.2793101938654641
600 222 0.21182963643408087
601 556 0.22118697760190442
602 585 0.30316953129541624
603 6232 0.19968076595771792
604 478 0.22452510468485445
605 1505 0.16835875742536846
606 2333 0.2683281572999747
607 3050 0.24251094575618398
608 515 0.2777777777777778
609 3553 0.3044295411712823
610 806 0.2176428750330035
611 711 0.2727723627949905
612 378 0.18516401995451032
613 623 0.17841031003501578
614 3068 0.19674775073518588
615 541 0.19622098205031857
616 445 0.23134069792952236
617 2302 0.2342606428329091
618 766 0.20412414523193148
619 506 0.2065591117977289
620 785 0.2707455769182841
621 712 0.6187184335382291
622 2536 0.21459876881973805
623 738 0.377009613867732
624 738 0.21434647870329343
625 736 0.18609684207969418
626 762 0.18257418583505539
627 7196 0.4629100498862757
628 667 0.26574700172636695
629 642 0.16222142113076254
630 443 0.2422101829239119
631 866 0.16135874369200778
632 903 0.22224197794277706
633 515 0.36288736930121157
634 795 0.736373539248127
635 3228 0.46089330092379077
636 515 0.21516574145596762
637 758 0.17008401285415226
638 397 0.23449862470727836
639 2671 0.2583412657655615
640 664 0.29637448918190956
641 3270 0.22360679774997896
642 795 0.25966027923484003
643 521 0.21095919705369526
644 716 0.3333333333333333
645 599 0.2010075630518424
646 690 0.25560859370538297
647 392 0.19423274221637649
648 5764 0.14064216928154863
649 340 0.2702842753182797
650 803 0.2123976976214366
651 897 0.2091650066335189
652 642 0.2396169191492615
653 817 0.20573779994945587
654 642 0.20604887854797269
655 806 0.26967994498529685
656 760 0.4944132324730442
657 344 0.19704145632913456
658 2166 0.2869720215917757
659 472 0.22687130324325755
660 3527 0.2130214807490179
661 760 0.28867513459481287
662 5436 0.2705266658912978
663 588 0.18870735310601722
664 640 0.29637448918190956
665 2252 0.3191423692521127
666 790 0.6027637811151031
667 628 0.26574700172636695
668 19 0.2514764762725669
669 691 0.17213259316477408
670 627 0.4193139346887673
671 430 0.2766475001553213
672 984 0.23717082451262844
673 7276 0.1796053020267749
674 621 0.24019223070763068
675 7114 0.30316953129541624
676 831 0.18257418583505536
677 741 0.21021382614017328
678 415 0.30869745325651593
679 3595 0.20519567041703082
680 4963 0.1993933959664263
681 4956 0.24849460996877465
682 294 0.23156812293422302
683 3412 0.25925925925925924
684 2562 0.20385887657505022
685 9544 0.5657789498610036
686 768 0.2836543144655877
687 430 0.1748149640244195
688 770 0.2773500981126146
689 468 0.2519763153394848
690 815 0.31814238148788887
691 430 0.18549555830406733
692 7080 0.26943012562182533
693 346 0.22205869704892203
694 816 0.4525513320442042
695 782 0.18731716231633883
696 67 0.24494285078359096
697 2274 0.2211629342323457
698 172 0.19275709463637394
699 2368 0.2765799378816741
700 746 0.2631806779839076
701 806 0.2760262237369417
702 492 0.254762332682534
703 443 0.21132225933080556
704 756 0.6014065304058601
705 702 0.1757706863331389
706 1364 0.22645540682891915
707 716 0.3785166493051126
708 353 0.4632768566394622
709 795 0.24325638628366392
710 3031 0.179968508266339
711 611 0.2727723627949905
712 621 0.6187184335382291
713 5071 0.2364331218717302
714 29 0.2389760596996216
715 806 0.2176428750330035
716 3129 0.4166666666666667
717 707 0.33384893044479436
718 770 0.23717082451262844
719 1632 0.21398024625545645
720 602 0.23529411764705882
721 471 0.181848241863327
722 697 0.19862652384370802
723 655 0.19145989526687088
724 402 0.4497952750682072
725 2550 0.29316564363762165
726 492 0.6092717958449424
727 3210 0.2795807122764419
728 425 0.28511240114923325
729 2227 0.1632993161855452
730 642 0.21410373063141291
731 678 0.2892406104248749
732 748 0.14673479641335554
733 821 0.21483446221182986
734 641 0.18257418583505536
735 44 0.3981527619092983
736 625 0.18609684207969418
737 2225 0.2055270768301462
738 623 0.377009613867732
739 806 0.2631174057921088
740 437 0.3116511459654997
741 372 0.2122647413031675
742 689 0.18070158058105026
743 5448 0.35445877847928337
744 544 0.24077170617153842
745 2295 0.2041241452319315
746 556 0.31339158526400435
747 278 0.2895702534395041
748 2271 0.17407765595569785
749 4937 0.26013299085723596
750 642 0.20555160419783663
751 752 0.35678907512720637
752 751 0.35678907512720637
753 7300 0.2449489742783178
754 548 0.20573779994945587
755 9224 0.20203050891044216
756 704 0.6014065304058601
757 548 0.23809523809523808
758 378 0.17569105537498347
759 770 0.20851441405707477
760 656 0.4944132324730442
761 456 0.1835557745535881
762 5495 0.20385887657505022
763 498 0.24845199749997662
764 2202 0.3329560459081458
765 795 0.30637776382712506
766 9479 0.4364357804719848
767 812 0.375
768 686 0.2836543144655877
769 634 0.1877810107252081
770 688 0.2773500981126146
771 948 0.16724840200141816
772 699 0.17806114244894067
773 8584 0.24399771253216748
774 564 0.18131936556464984
775 569 0.2269814363572603
776 5230 0.1887128390240993
777 519 0.18766862336342202
778 765 0.2205271385679885
779 780 0.7327501276159388
780 779 0.7327501276159388
781 763 0.18257418583505536
782 375 0.22480720075647426
783 580 0.6486749731408025
784 985 0.23028309323591914
785 3068 0.30492478930832245
786 173 0.2097865979195684
787 2815 0.3161471265240014
788 906 0.23063280200722125
789 633 0.1987615979999813
790 666 0.6027637811151031
791 7782 0.27988457141652784
792 2621 0.2545875386086578
793 2527 0.3068689081443643
794 3297 0.17604469755488258
795 634 0.736373539248127
796 809 0.24313226954193232
797 7118 0.18650096164806276
798 2900 0.18156825980064073
799 468 0.2626128657194451
800 803 0.3465742591835731
801 3165 0.20131905799006777
802 3225 0.23333333333333334
803 800 0.3465742591835731
804 805 0.7046642634176442
805 804 0.7046642634176442
806 2711 0.2988071523335984
807 3228 0.15689290811054724
808 506 0.16151457061744964
809 678 0.26462806201248157
810 336 0.31013193673309136
811 3180 0.21419182104066636
812 767 0.375
813 476 0.20412414523193154
814 892 0.22941573387056174
815 588 0.3922322702763681
816 694 0.4525513320442042
817 2922 0.2309401076758503
818 7973 0.30935921676911454
819 806 0.20584674239815456
820 718 0.23717082451262844
821 688 0.23076923076923078
822 349 0.18362925952195544
823 2564 0.3706246583305506
824 728 0.18691605444209344
825 671 0.20438500686582434
826 335 0.2741249873151301
827 2324 0.18266740727888056
828 536 0.2097216481564787
829 934 0.4351941398892446
830 2723 0.28981885246425604
831 449 0.19462473604038075
832 2368 0.2530240384255299
833 540 0.19179881852291683
834 3345 0.251259453814803
835 441 0.2408233417864861
836 60 0.3640532168064136
837 119 0.23781155114274508
838 839 0.3884424976293107
839 838 0.3884424976293107
840 751 0.2969996984545409
841 220 0.4348345987096151
842 892 0.19215378456610457
843 252 0.2383824053373125
844 845 0.21004201260420147
845 844 0.21004201260420147
846 185 0.4091966036822841
847 17 0.23544080467400555
848 3619 0.1875806183710322
849 3114 0.22645540682891915
850 2841 0.1917412472118426
851 934 0.18042195912175807
852 677 0.19814848097530424
853 697 0.17987750016531515
854 438 0.2376297049878146
855 3114 0.14484136487558028
856 854 0.19814848097530424
857 2276 0.20203050891044214
858 172 0.17054776006016165
859 548 0.19920476822239894
860 2750 0.17149858514250885
861 2678 0.2889043162902194
862 2348 0.19466570535691505
863 3297 0.1623086135160589
864 7075 0.20227834851568374
865 7076 0.18202343288841116
866 2626 0.2053392419318258
867 883 0.290239780930841
868 879 0.3674234614174767
869 451 0.27610836217760426
870 2220 0.17025130615174974
871 867 0.2036532699906392
872 2920 0.19735935605211033
873 549 0.14433756729740646
874 2279 0.21693045781865616
875 2697 0.18650096164806276
876 8595 0.2652226061808326
877 5708 0.44605470887843945
878 932 0.191662969499982
879 868 0.3674234614174767
880 7244 0.16448792373994225
881 790 0.13626312508266655
882 627 0.3339135484518729
883 867 0.290239780930841
884 2621 0.20100756305184242
885 2595 0.2072940478671954
886 2866 0.2041241452319315
887 215 0.1720618004029213
888 3597 0.3177719638026945
889 2184 0.16151457061744964
890 5963 0.17213259316477408
891 701 0.21170244960998524
892 275 0.3336230624913196
893 4997 0.1875
894 3647 0.17888543819998318
895 887 0.13470397652008118
896 2883 0.21949179417067882
897 3448 0.21128856368212914
898 642 0.18172434016970185
899 388 0.19422875447850785
900 4932 0.18646746349572288
901 9766 0.3493335058437492
902 2940 0.33418694121840203
903 4458 0.25649458802128855
904 524 0.1694637091472647
905 318 0.19246475762286785
906 4902 0.2546858159868053
907 2368 0.25843829535236884
908 450 0.2917299829957891
909 963 0.2779425689573285
910 213 0.4423258684646914
911 2503 0.23596995186213474
912 3132 0.25027511165626987
913 317 0.19398624183406907
914 400 0.20011532601147844
915 4993 0.19367337799588275
916 4458 0.2716256390786371
917 20 0.21899507986477326
918 3471 0.16666666666666666
919 2556 0.23733021839465854
920 677 0.17255919256291524
921 820 0.16556654463313047
922 388 0.19188804127437667
923 252 0.1818435334330738
924 908 0.18685673434682068
925 2037 0.19982031165382946
926 5883 0.19596545041740512
927 955 0.34097520463683817
928 930 0.14597287184064828
929 275 0.30343304245450414
930 9649 0.3340590762637293
931 24 0.24780486166932028
932 10501 0.20149814827784027
933 2220 0.253546276418555
934 829 0.4351941398892446
935 955 0.3774256780481986
936 955 0.5163977794943223
937 9497 0.22783059421644178
938 795 0.21514499158934372
939 416 0.393664178262024
940 401 0.19117977822546814
941 956 0.3048003048004572
942 336 0.2421797398482414
943 2792 0.18116432546313532
944 2286 0.14530784390894483
945 921 0.12297974198582044
946 2527 0.16678109624874776
947 941 0.13470397652008118
948 955 0.32824397594488725
949 43 0.1843024451936214
950 3526 0.2700308624336608
951 3002 0.19552948669513773
952 933 0.20203050891044214
953 275 0.3127716210856122
954 3183 0.21081851067789195
955 936 0.5163977794943223
956 958 0.3244428422615251
957 955 0.22549380840084865
958 935 0.359937016532678
959 4920 0.21081851067789195
960 5145 0.2389760596996216
961 2174 0.22191801643659273
962 516 0.18809216422895955
963 909 0.2779425689573285
964 2172 0.1543033499620919
965 6734 0.15811388300841897
966 516 0.45321249277851866
967 838 0.15089863644835705
968 592 0.2922139529649472
969 2646 0.1805787796286538
970 109 0.2767546517312798
971 108 0.2906888370749727
972 10404 0.2934695928267111
973 10837 0.23457871581420914
974 2784 0.20100756305184242
975 5423 0.14907119849998599
976 2765 0.3195993709027957
977 8604 0.19287918745261487
978 3417 0.2627034687463669
979 2581 0.2572478777137633
980 5182 0.30659585251078897
981 252 0.4289207206030121
982 5317 0.22680460581325723
983 412 0.1856558243265828
984 672 0.23717082451262844
985 784 0.23028309323591914
986 1272 0.21548664505181805
987 3078 0.22662355194334052
988 1218 0.20135623211363207
989 5980 0.14344382763731175
990 187 0.19814848097530424
991 3371 0.19026059766179762
992 187 0.2530838170245508
993 87 0.18211945490271766
994 1000 0.18070158058105026
995 351 0.8
996 3731 0.19664205760333867
997 7284 0.26516504294495535
998 3047 0.43403952975542837
999 556 0.1853123291652753
1000 840 0.2279211529192759
1001 190 0.24253562503633297
1002 7769 0.16035674514745463
1003 2534 0.2327373340628157
1004 10323 0.24748737341529162
1005 1103 0.360615232386859
1006 8979 0.17677669529663687
1007 2503 0.3125
1008 5978 0.17902871850985821
1009 413 0.18330889377669163
1010 3871 0.20011120378952102
1011 1303 0.18015093964441797
1012 1174 0.2285817953278378
1013 3746 0.18993429409939658
1014 2717 0.464006620911289
1015 3649 0.17376201171422898
1016 2595 0.2166915913951546
1017 1595 0.3606452913015189
1018 3345 0.20597146021777488
1019 11 0.22305671869347435
1020 4668 0.20459830184114206
1021 2720 0.36313651960128146
1022 1307 0.19462473604038075
1023 4824 0.2044652050273827
1024 4205 0.20025046972870356
1025 1210 0.18644483230569905
1026 1103 0.4101579489905974
1027 5142 0.18060945639429235
1028 1181 0.4099600308453939
1029 4136 0.20701966780270628
1030 6818 0.3032248155309842
1031 3773 0.467165729979027
1032 1081 0.2950260764314961
1033 3779 0.28727038107793185
1034 4871 0.27013510133444885
1035 3267 0.3105155576900081
1036 3779 0.2547719021193928
1037 2760 0.254000254000381
1038 1736 0.33995005182504245
1039 143 0.20005410523567124
1040 8978 0.2545875386086578
1041 1430 0.23904572186687872
1042 4514 0.17572897025652595
1043 4644 0.26409736227827446
1044 6664 0.2757233972895037
1045 8259 0.2773500981126146
1046 1181 0.17625868956008636
1047 1810 0.45113315856913394
1048 2574 0.36936750089587606
1049 2061 0.33803312887002346
1050 10381 0.46348977465932156
1051 7887 0.2130662472685305
1052 1285 0.3121595890286832
1053 5637 0.27311549679956754
1054 1263 0.40408541690413596
1055 1595 0.24503063074338405
1056 9577 0.25318484177091666
1057 3764 0.21236377002999848
1058 9162 0.34740416688982556
1059 1129 0.2271847336988259
1060 4077 0.2858309752375147
1061 1304 0.46499055497527714
1062 10658 0.21213203435596426
1063 1081 0.7610943550173662
1064 1419 0.6035945457934282
1065 1071 0.2300894966542111
1066 1766 0.228945522812857
1067 5396 0.2739983121755955
1068 1444 0.5701333908247553
1069 5396 0.3872983346207417
1070 5051 0.3464101615137754
1071 4276 0.37267799624996495
1072 9344 0.2661806002284013
1073 1315 0.28317012055913815
1074 1415 0.27914526311954124
1075 1818 0.16162704595880897
1076 4636 0.3380617018914066
1077 1368 0.23354968324845687
1078 3350 0.2097953395741723
1079 3288 0.16973368495830113
1080 3835 0.2486679488640837
1081 1063 0.7610943550173662
1082 1246 0.16197365562423746
1083 1436 0.2753443958769674
1084 1466 0.28128433856309726
1085 1158 0.2594372608313854
1086 7425 0.27591270276823465
1087 9153 0.32736142735782137
1088 9981 0.26666666666666666
1089 3943 0.3328484845918491
1090 4137 0.2704643461025217
1091 1129 0.22360679774997896
1092 1595 0.26449432573919546
1093 1178 0.22156468376279892
1094 3958 0.17045729691814082
1095 1311 0.2406936764114927
1096 1895 0.2676516895156554
1097 8707 0.25819888974716115
1098 1525 0.28887415229138963
1099 627 0.20701966780270628
1100 1111 0.44381268229929727
1101 1345 0.2487592975524973
1102 1129 0.4110541536602924
1103 1115 0.46882924058154984
1104 1317 0.40994579587496144
1105 1249 0.2711427291942359
1106 9265 0.17568209223157663
1107 1553 0.31622776601683794
1108 1816 0.26650089544451305
1109 13348 0.3038218101251
1110 7865 0.24268133584853777
1111 1100 0.44381268229929727
1112 1287 0.23788041338002103
1113 7704 0.32973448745129025
1114 3436 0.33866700533384136
1115 1103 0.46882924058154984
1116 1054 0.2528608687120868
1117 13747 0.22272906445186602
1118 6852 0.17107978455366032
1119 8402 0.1527525231651947
1120 1081 0.38873192413929036
1121 5445 0.22131333406899525
1122 3928 0.24718844306549861
1123 1436 0.37047928681747416
1124 8103 0.21170244960998524
1125 1526 0.18257418583505536
1126 3578 0.21398024625545645
1127 3773 0.3020824253557243
1128 2595 0.2539433734142909
1129 1102 0.4110541536602924
1130 2866 0.19744962591969745
1131 1281 0.31469724952594685
1132 133 0.18586989571649545
1133 3691 0.15826851764978614
1134 1491 0.18898223650461363
1135 6158 0.3567530340063379
1136 2778 0.22852652225356151
1137 9522 0.19462473604038075
1138 4862 0.3277152121491656
1139 3907 0.6181765837651745
1140 1466 0.20254787341673333
1141 1459 0.30024028838453837
1142 1239 0.24618298195866545
1143 1122 0.23010358189781369
1144 2189 0.22218821989286366
1145 4712 0.1849000654084097
1146 1299 0.1681681984990781
1147 1071 0.22831482556870478
1148 4282 0.1749966243260705
1149 1035 0.1911593300968225
1150 10081 0.42089054035481444
1151 3386 0.21393127492027908
1152 2584 0.3038218101251
1153 1311 0.40032038451271784
1154 9006 0.22019275302527214
1155 1528 0.21004201260420147
1156 7704 0.23533936216582083
1157 2960 0.253546276418555
1158 7845 0.3149448894660933
1159 1150 0.37206604510436886
1160 4203 0.1900539000899023
1161 10445 0.28492064734044614
1162 532 0.2446555635430061
1163 1265 0.15617376188860607
1164 1998 0.21879748724684184
1165 1350 0.19918863762856526
1166 1434 0.20952908873087345
1167 2045 0.21965925009070192
1168 8990 0.32662123669906645
1169 1049 0.2829210405604392
1170 1441 0.22454435656953592
1171 1063 0.30261376633440124
1172 5230 0.17213259316477408
1173 1632 0.2891574659831201
1174 1568 0.31697154070013095
1175 2652 0.2608745973749754
1176 3761 0.24450482346091287
1177 7735 0.32850439369802437
1178 1093 0.22156468376279892
1179 1030 0.21768964474989302
1180 5478 0.25031308716087947
1181 1028 0.4099600308453939
1182 2761 0.33227741515343256
1183 6497 0.2721655269759087
1184 1648 0.6086075244734538
1185 9972 0.20406510715543072
1186 1466 0.3363363969981562
1187 2595 0.2712254014483242
1188 1198 0.175
1189 1037 0.21599937900267804
1190 1848 0.6971363215204786
1191 1283 0.23015858222750019
1192 842 0.17902871850985821
1193 3390 0.20261022461827694
1194 1564 0.1965892748731962
1195 1129 0.208263040350187
1196 1197 0.5607997097862253
1197 1196 0.5607997097862253
1198 1064 0.2240448134444816
1199 4609 0.2620712091804796
1200 6426 0.1860521018838127
1201 2579 0.26013299085723596
1202 94 0.2045759444174892
1203 1204 0.7272144605515155
1204 1203 0.7272144605515155
1205 6217 0.22360679774997896
1206 1494 0.5091750772173156
1207 8364 0.22247460415730486
1208 4781 0.19525441139613994
1209 4034 0.17200522903844537
1210 7704 0.4644046100019301
1211 4723 0.19641855032959654
1212 6094 0.17338355074834258
1213 3385 0.2301696253338661
1214 2638 0.19700609343114084
1215 1422 0.1767766952966369
1216 1505 0.19069251784911845
1217 9039 0.35043832202523123
1218 1714 0.37716825457067865
1219 1069 0.24771684715343115
1220 1486 0.16666666666666666
1221 1568 0.20619652471058064
1222 1039 0.1556997888323046
1223 4057 0.2073221072156823
1224 8723 0.25
1225 4124 0.17391639824998364
1226 1536 0.18446619684315546
1227 1065 0.1430397079704303
1228 3846 0.19325517063098144
1229 6523 0.1917412472118426
1230 4790 0.21320071635561044
1231 1352 0.18633899812498247
1232 1595 0.33902201368386464
1233 5788 0.361092690364237
1234 1579 0.22037982136062997
1235 1069 0.1643296060035522
1236 1466 0.24209101306752098
1237 1422 0.20100756305184242
1238 6582 0.19926334924652145
1239 1779 0.2838874869788345
1240 7026 0.2383656473113981
1241 423 0.1840186845246444
1242 3549 0.3299831645537222
1243 9065 0.19178532059415365
1244 9378 0.23758365480680457
1245 6222 0.5057805388588731
1246 1248 0.16210296808748975
1247 3782 0.58896120572146
1248 3782 0.24075878334158135
1249 1714 0.37907125275171766
1250 3119 0.23145502494313785
1251 7399 0.16770509831248423
1252 2575 0.2283867199010496
1253 6871 0.24586126411866888
1254 4669 0.2182178902359924
1255 6354 0.21884405476620425
1256 2821 0.19402850002906638
1257 1380 0.24573659359149524
1258 1422 0.3077287274483318
1259 3513 0.2631174057921088
1260 10 0.18144368465060579
1261 1069 0.21010507881568247
1262 1993 0.2842676218074806
1263 1054 0.40408541690413596
1264 7835 0.43915503282683993
1265 1071 0.25298221281347033
1266 4343 0.23782574707724702
1267 1129 0.22019275302527214
1268 1306 0.22941573387056174
1269 634 0.1816497536376887
1270 8978 0.3042903097250923
1271 1071 0.18257418583505536
1272 3353 0.2980906496426439
1273 6477 0.24195539543709924
1274 10283 0.28867513459481287
1275 1081 0.4956832359429368
1276 13759 0.2683281572999747
1277 1311 0.3736323588785367
1278 9121 0.3098898934004561
1279 1343 0.3741657386773941
1280 1436 0.3185965464321549
1281 1436 0.3556173508621198
1282 7777 0.35805743701971643
1283 7449 0.25819888974716115
1284 6115 0.38676339191429654
1285 6434 0.4120428217151646
1286 1373 0.3678836036909795
1287 4503 0.3389834532487511
1288 13728 0.2409900932515112
1289 2828 0.2990284090483535
1290 1730 0.49518756847213835
1291 8837 0.19795189561622395
1292 1277 0.36115755925730764
1293 1239 0.17010345435994292
1294 6128 0.20396682409470146
1295 10427 0.2829125760578692
1296 9417 0.31180478223116176
1297 6221 0.1636634176769943
1298 1273 0.19245008972987526
1299 4712 0.24019223070763068
1300 1522 0.7462025072446364
1301 1071 0.21693045781865616
1302 4236 0.2963336296671112
1303 7453 0.269069117598525
1304 1061 0.46499055497527714
1305 1368 0.26919095102908275
1306 1393 0.2672612419124244
1307 1969 0.3333333333333333
1308 1801 0.29848100289785456
1309 1286 0.2279211529192759
1310 1633 0.2719641466102106
1311 1153 0.40032038451271784
1312 9446 0.5175491695067657
1313 7700 0.22627786434233257
1314 10089 0.41914662181330725
1315 7778 0.4615663313770509
1316 1071 0.2176428750330035
1317 1104 0.40994579587496144
1318 1643 0.24565184222025876
1319 1344 0.16222142113076254
1320 4655 0.554545233538531
1321 5147 0.2502172968684897
1322 1350 0.23677853202210844
1323 5325 0.21944693209237684
1324 1404 0.22360679774997896
1325 7268 0.2939723678960656
1326 8095 0.21516574145596762
1327 2815 0.2473499949015614
1328 2120 0.23200591622629663
1329 1054 0.3611575592573076
1330 7673 0.19795189561622395
1331 1497 0.20515248496555455
1332 1363 0.2703690352179376
1333 9257 0.3521238360171262
1334 1207 0.21081851067789195
1335 1180 0.2130071614211525
1336 2146 0.192513385271705
1337 1071 0.26967994498529685
1338 3451 0.36425009633235883
1339 1475 0.41039134083406165
1340 1186 0.3102526139970115
1341 2003 0.23918243661746993
1342 5887 0.21621621621621623
1343 1279 0.3741657386773941
1344 1208 0.18654788940564998
1345 2112 0.30151134457776363
1346 1369 0.17010345435994292
1347 1382 0.21780342093451605
1348 1054 0.32102894156205125
1349 5346 0.29649972666444047
1350 1322 0.23677853202210844
1351 3547 0.23693955110363693
1352 1071 0.32659863237109044
1353 3925 0.16161498378886355
1354 7446 0.2581988897471611
1355 1519 0.2326210525996177
1356 5840 0.32141217326661253
1357 3360 0.18156825980064073
1358 1100 0.2512297172085311
1359 1307 0.20412414523193154
1360 1318 0.23488808780588138
1361 1368 0.23693955110363693
1362 1536 0.27586342441653555
1363 1422 0.34020690871988585
1364 706 0.22645540682891915
1365 4527 0.22304986837273524
1366 4462 0.23763541031440183
1367 1071 0.22019275302527214
1368 1441 0.2817180849095055
1369 5396 0.4330127018922193
1370 4336 0.2008048322256247
1371 2679 0.24942329796316196
1372 7753 0.3094922302950865
1373 1286 0.3678836036909795
1374 1071 0.23354968324845687
